Sample	1	2	3	4	5	6	7	8	9	10	11	12	13	14	15	16	17	18	19	20	21	22	23	24	25	26	27	28	29	30	31	32	33	34	35	36
SRR2443147	1579.0	65077.0	311566.0	721168.0	619049.0	609464.0	617853.0	602641.0	594067.0	598335.0	605041.0	581434.0	543296.0	604256.0	541326.0	462556.0	521153.0	406784.0	412066.0	414058.0	438932.0	409873.0	380066.0	364175.0	347770.0	344392.0	341888.0	332294.0	340632.0	332998.0	429297.0	344059.0	408359.0	447643.0	1774851.0	84703340.0
SRR2443148	2528.0	105511.0	478687.0	1125937.0	991455.0	1044079.0	908856.0	882497.0	837100.0	843818.0	1014486.0	893672.0	803863.0	754903.0	701592.0	594542.0	618373.0	530726.0	525187.0	523749.0	524470.0	499494.0	509965.0	495855.0	498891.0	505783.0	487003.0	511404.0	517740.0	495254.0	528964.0	510371.0	618735.0	709620.0	2819610.0	92949020.0
SRR2443149	2506.0	96128.0	428510.0	976520.0	882159.0	850888.0	913426.0	811277.0	958951.0	831625.0	800761.0	773590.0	735318.0	713541.0	687772.0	666292.0	650958.0	614263.0	572125.0	540540.0	513915.0	488331.0	470407.0	458247.0	451798.0	450130.0	453023.0	460641.0	464033.0	466124.0	488805.0	482612.0	519721.0	688485.0	3087489.0	86013382.0
SRR2443150	1734.0	69116.0	311121.0	733774.0	702003.0	687017.0	651416.0	656430.0	639380.0	652039.0	658905.0	678421.0	662053.0	780689.0	679278.0	566773.0	562520.0	854980.0	433381.0	473697.0	431485.0	386273.0	378536.0	377279.0	363915.0	371396.0	370409.0	387505.0	579450.0	523243.0	494031.0	482268.0	505729.0	579411.0	1830067.0	74479437.0
SRR2443151	1571.0	64178.0	279245.0	683846.0	583629.0	565780.0	555371.0	555417.0	547722.0	536553.0	573301.0	578507.0	523218.0	540495.0	495394.0	477341.0	487399.0	449216.0	489584.0	388249.0	389467.0	358369.0	327709.0	341860.0	313802.0	326260.0	319080.0	338455.0	354977.0	329523.0	363228.0	493125.0	425254.0	532142.0	2070632.0	68171457.0
SRR2443152	2122.0	84276.0	387181.0	899923.0	777218.0	751363.0	745088.0	695967.0	688284.0	694134.0	746684.0	737675.0	713959.0	713422.0	701173.0	677331.0	702438.0	663478.0	589903.0	526065.0	507755.0	451945.0	406430.0	393020.0	387629.0	388765.0	372647.0	384972.0	385049.0	392067.0	417468.0	408964.0	457876.0	535926.0	2089896.0	79956010.0
SRR2443153	2805.0	110281.0	509981.0	1174278.0	1062041.0	945845.0	928558.0	865475.0	858784.0	834259.0	860727.0	816012.0	770809.0	732480.0	760649.0	631722.0	614754.0	586738.0	563936.0	555550.0	564129.0	541334.0	556277.0	550898.0	541534.0	558250.0	545216.0	558136.0	573702.0	587906.0	777464.0	622508.0	685005.0	921160.0	4472927.0	67980998.0
SRR2443154	2344.0	95677.0	450441.0	1037249.0	841295.0	821045.0	777867.0	709437.0	717096.0	694342.0	716241.0	676551.0	594352.0	573374.0	543079.0	512427.0	511294.0	507172.0	476790.0	488624.0	478936.0	473030.0	474355.0	473823.0	466663.0	478903.0	466072.0	483572.0	497252.0	523322.0	531451.0	538776.0	589039.0	799780.0	4474431.0	53544520.0
SRR2443155	1907.0	73541.0	314798.0	721565.0	644487.0	647010.0	623165.0	590866.0	586585.0	585284.0	617909.0	606936.0	630121.0	620818.0	599351.0	594831.0	628127.0	579228.0	608872.0	1104736.0	913520.0	624730.0	685561.0	528434.0	491980.0	415305.0	403621.0	628917.0	374363.0	566218.0	454078.0	452454.0	448898.0	585229.0	1923504.0	85156085.0
SRR2443156	1797.0	69859.0	314082.0	758783.0	666882.0	652000.0	637894.0	598361.0	596395.0	587288.0	619221.0	608532.0	586397.0	590269.0	546812.0	528118.0	543105.0	504760.0	454330.0	453744.0	420306.0	372900.0	346640.0	332096.0	313028.0	319373.0	323541.0	323100.0	325754.0	318530.0	331582.0	332810.0	373136.0	468129.0	2049311.0	70603603.0
SRR2443157	1612.0	69379.0	312404.0	744033.0	665336.0	648781.0	649534.0	679015.0	708246.0	701370.0	700455.0	677680.0	607392.0	593234.0	524374.0	465596.0	476413.0	412621.0	393929.0	397867.0	410717.0	381525.0	457718.0	382232.0	380441.0	386073.0	372634.0	424663.0	394947.0	385838.0	398037.0	407129.0	444554.0	544773.0	2186832.0	87278798.0
SRR2443158	1803.0	72815.0	316995.0	747419.0	664758.0	670180.0	641497.0	608826.0	602924.0	605726.0	641706.0	628697.0	647256.0	643025.0	621136.0	610369.0	645267.0	596157.0	623776.0	1042181.0	926758.0	626552.0	686390.0	539347.0	503177.0	426623.0	411600.0	633994.0	383317.0	575970.0	466872.0	460564.0	470298.0	606973.0	1965626.0	84213267.0
SRR2443159	1928.0	93948.0	421169.0	927130.0	830693.0	778294.0	783990.0	730750.0	734404.0	765566.0	759258.0	685261.0	633202.0	639414.0	597234.0	567911.0	586850.0	528989.0	499526.0	526486.0	512829.0	492262.0	551574.0	557649.0	499507.0	510981.0	472563.0	510304.0	485595.0	489022.0	522156.0	538223.0	595136.0	620924.0	1747596.0	72316104.0
SRR2443160	2834.0	116182.0	525422.0	1233283.0	1104481.0	1035713.0	1027061.0	944069.0	955583.0	950181.0	1016751.0	972046.0	942680.0	947380.0	849554.0	772475.0	739630.0	658947.0	581246.0	588587.0	577541.0	526538.0	563086.0	536081.0	526936.0	548107.0	518971.0	575658.0	530206.0	537822.0	566348.0	537110.0	618804.0	728849.0	2594131.0	78601229.0
SRR2443161	2956.0	119752.0	592216.0	1268035.0	1129131.0	1121833.0	1043456.0	991872.0	975477.0	945724.0	971183.0	987889.0	908356.0	875134.0	808075.0	762218.0	726351.0	627321.0	588810.0	608300.0	589142.0	552269.0	593449.0	542163.0	610808.0	561579.0	537862.0	592108.0	536040.0	518649.0	534305.0	540560.0	594380.0	713089.0	2764775.0	76980354.0
SRR2443162	1917.0	80554.0	365040.0	863474.0	827748.0	805066.0	765733.0	760821.0	736348.0	756996.0	764431.0	790652.0	762118.0	906135.0	793743.0	657127.0	652626.0	983201.0	500474.0	548050.0	505914.0	446450.0	440496.0	434624.0	419994.0	428323.0	422634.0	453560.0	658717.0	597662.0	570253.0	557203.0	594084.0	678993.0	2171907.0	83580354.0
SRR2443163	2489.0	103710.0	478423.0	1110580.0	1017055.0	882802.0	882259.0	809387.0	803729.0	800176.0	849054.0	819247.0	696535.0	684149.0	681220.0	593439.0	588092.0	555064.0	538882.0	546888.0	546383.0	539283.0	541059.0	549816.0	549474.0	572300.0	562254.0	592103.0	601632.0	615120.0	780875.0	717238.0	752591.0	991687.0	5096939.0	63863829.0
SRR2443164	1511.0	61195.0	293089.0	681171.0	614438.0	594365.0	580568.0	561362.0	568764.0	547399.0	580019.0	585432.0	592240.0	615124.0	532456.0	487429.0	504605.0	461603.0	482487.0	482840.0	426914.0	376098.0	356500.0	341218.0	325438.0	346253.0	330118.0	359591.0	345584.0	359596.0	377352.0	491620.0	493057.0	591781.0	2293859.0	66270461.0
SRR2443165	2050.0	83414.0	391848.0	911854.0	782044.0	775221.0	748731.0	697081.0	717368.0	697463.0	745470.0	752124.0	718066.0	745525.0	708567.0	678082.0	700057.0	564505.0	535165.0	522758.0	513403.0	448470.0	457012.0	435222.0	401299.0	417721.0	383278.0	404555.0	408721.0	393830.0	417480.0	416246.0	475179.0	538658.0	1945560.0	69624040.0
SRR2443166	1897.0	81450.0	378469.0	858769.0	791127.0	767301.0	751087.0	745804.0	731183.0	728479.0	777354.0	778137.0	745641.0	697107.0	618585.0	573844.0	589029.0	551127.0	564342.0	553941.0	535685.0	497266.0	493263.0	472371.0	440346.0	434967.0	444110.0	440260.0	442981.0	433883.0	429719.0	454747.0	480842.0	557419.0	1964029.0	93639690.0
SRR2443167	1530.0	65804.0	288578.0	701164.0	605916.0	582991.0	570229.0	576263.0	568992.0	554141.0	598737.0	604577.0	545805.0	561874.0	518691.0	499395.0	497380.0	471473.0	509554.0	407189.0	402398.0	375490.0	339031.0	359164.0	329495.0	340426.0	336770.0	358259.0	377571.0	347590.0	384581.0	519637.0	447489.0	564918.0	2190286.0	71364843.0
SRR2443168	2424.0	100008.0	499501.0	1142712.0	1007296.0	945045.0	936274.0	891227.0	880978.0	897378.0	941752.0	955751.0	924152.0	876354.0	775793.0	792424.0	704300.0	618050.0	602692.0	604963.0	567377.0	563492.0	608998.0	632146.0	575369.0	587486.0	592100.0	625999.0	552504.0	565523.0	583433.0	590757.0	631898.0	686430.0	1913240.0	83346934.0
SRR2443169	2206.0	83380.0	350991.0	836154.0	711230.0	693823.0	706889.0	666707.0	677151.0	671669.0	692723.0	671295.0	673577.0	675796.0	617858.0	618194.0	572796.0	563282.0	551209.0	526120.0	556097.0	534420.0	554919.0	569561.0	495414.0	507980.0	923744.0	441567.0	482312.0	423829.0	395954.0	399645.0	462647.0	863269.0	2519472.0	86642907.0
SRR2443170	1923.0	71294.0	313877.0	719569.0	646493.0	619698.0	610372.0	597066.0	584927.0	587308.0	616351.0	605344.0	605436.0	608544.0	599713.0	608717.0	613258.0	590110.0	610217.0	1013564.0	843975.0	623452.0	610910.0	492945.0	445733.0	413305.0	409881.0	673374.0	389219.0	676322.0	578702.0	472544.0	493915.0	589507.0	1892420.0	85045453.0
SRR2443171	2248.0	92862.0	417518.0	964382.0	845218.0	821445.0	957059.0	792020.0	801377.0	823819.0	817127.0	751805.0	680465.0	675190.0	586423.0	588915.0	539076.0	514801.0	500877.0	485926.0	490772.0	495296.0	471917.0	481071.0	493585.0	492151.0	487454.0	483792.0	499021.0	486404.0	514239.0	508863.0	580902.0	675319.0	2821339.0	93730880.0
SRR2443172	2132.0	85947.0	409324.0	944324.0	878708.0	833805.0	793800.0	764079.0	764798.0	750471.0	813925.0	798143.0	753684.0	685835.0	651557.0	632712.0	572913.0	519558.0	525399.0	506078.0	491022.0	488646.0	531876.0	613403.0	499226.0	524466.0	471474.0	473557.0	488957.0	469483.0	509057.0	497210.0	544688.0	570182.0	1594154.0	67513767.0
SRR2443173	2437.0	101877.0	467057.0	1047605.0	882925.0	831451.0	792016.0	750366.0	762681.0	767045.0	786890.0	751548.0	715328.0	673773.0	765525.0	600864.0	629824.0	539498.0	521799.0	523037.0	535974.0	508608.0	527490.0	519163.0	521847.0	534613.0	525429.0	539556.0	556322.0	580223.0	608937.0	614525.0	679584.0	963564.0	5363122.0	68327150.0
SRR2443174	2259.0	93949.0	496810.0	955455.0	898713.0	854560.0	856167.0	798642.0	756113.0	771820.0	788811.0	689572.0	672815.0	626141.0	629082.0	543359.0	504253.0	490949.0	557880.0	452145.0	463643.0	449083.0	437335.0	439483.0	448981.0	442487.0	452519.0	452339.0	456774.0	469447.0	598407.0	469566.0	495174.0	631672.0	2886074.0	74470526.0
SRR2443175	1668.0	139704.0	302310.0	741488.0	683091.0	600782.0	602774.0	741033.0	594145.0	634182.0	709098.0	600876.0	571677.0	562080.0	686053.0	500151.0	574555.0	507335.0	805926.0	499110.0	489169.0	441390.0	398673.0	396309.0	478309.0	333237.0	346030.0	372485.0	353170.0	330032.0	319949.0	347234.0	342226.0	424842.0	1750383.0	84120670.0
SRR2443176	1868.0	76311.0	359056.0	821744.0	713539.0	705579.0	682175.0	639971.0	658405.0	639359.0	677960.0	683794.0	657303.0	671772.0	645627.0	624421.0	630001.0	512201.0	492973.0	478798.0	466375.0	416859.0	419460.0	398210.0	367790.0	383386.0	357693.0	376417.0	376593.0	363247.0	380250.0	382782.0	422897.0	497138.0	1826248.0	64975912.0
SRR2443177	2306.0	92685.0	425299.0	961876.0	875935.0	731715.0	725393.0	675272.0	680345.0	684556.0	686834.0	661644.0	610231.0	552054.0	519417.0	497945.0	485079.0	456890.0	463085.0	462509.0	467249.0	463431.0	466603.0	461394.0	454191.0	474439.0	460186.0	480442.0	483474.0	511198.0	530590.0	521313.0	603009.0	846917.0	4585223.0	52900443.0
SRR2443178	1496.0	119068.0	272393.0	681362.0	617763.0	548407.0	551993.0	654510.0	525379.0	564653.0	630784.0	538020.0	511978.0	510648.0	615133.0	449418.0	536542.0	450471.0	718055.0	451853.0	450172.0	392430.0	361606.0	355627.0	424938.0	297388.0	303923.0	330615.0	310768.0	286842.0	281837.0	308658.0	311412.0	380180.0	1591696.0	73991516.0
SRR2443179	1966.0	82837.0	394466.0	931628.0	814293.0	816151.0	841538.0	757474.0	741498.0	763940.0	782599.0	780502.0	745407.0	947348.0	768801.0	732260.0	746817.0	619499.0	630006.0	623046.0	556299.0	506189.0	484058.0	441181.0	474669.0	449576.0	440243.0	474953.0	473949.0	453922.0	529800.0	1135107.0	790444.0	851739.0	2915389.0	80718414.0
SRR2443180	2140.0	89133.0	400895.0	956391.0	821054.0	809632.0	938444.0	745511.0	747705.0	772228.0	771354.0	718154.0	637292.0	658784.0	561417.0	557736.0	554701.0	480433.0	474386.0	461741.0	475605.0	471354.0	452903.0	457499.0	461166.0	471709.0	454048.0	462830.0	472323.0	454046.0	495238.0	491546.0	597137.0	662779.0	2710827.0	85272757.0
SRR2443181	2108.0	87184.0	425943.0	964276.0	847829.0	831608.0	794066.0	789084.0	762736.0	757402.0	841846.0	845534.0	785051.0	779592.0	716900.0	669983.0	628256.0	563378.0	528842.0	547383.0	507918.0	496684.0	510957.0	536617.0	502936.0	496133.0	472623.0	483801.0	504068.0	517589.0	513772.0	523168.0	602403.0	612358.0	1767095.0	85659790.0
SRR2443182	1876.0	74019.0	327909.0	782793.0	690258.0	670377.0	655345.0	618225.0	615557.0	605965.0	638767.0	629109.0	603516.0	600174.0	560403.0	546683.0	554138.0	523313.0	466094.0	467383.0	429302.0	366380.0	354635.0	337597.0	320072.0	327561.0	332864.0	328926.0	333929.0	327851.0	341102.0	342041.0	378971.0	473786.0	2081062.0	73797040.0
SRR2443183	2312.0	94704.0	420365.0	990557.0	900852.0	864462.0	835341.0	909713.0	795826.0	856841.0	839420.0	828100.0	796170.0	801608.0	754633.0	678640.0	668854.0	542832.0	731755.0	529063.0	528661.0	497419.0	502579.0	482882.0	460870.0	489200.0	469202.0	572268.0	485286.0	488517.0	484640.0	496678.0	538224.0	671919.0	2790043.0	85331893.0
SRR2443184	1651.0	71373.0	289087.0	686163.0	609593.0	595096.0	608941.0	632497.0	645033.0	608080.0	630576.0	577467.0	609324.0	603991.0	555768.0	554265.0	568297.0	493452.0	469997.0	460132.0	382540.0	367101.0	351945.0	341879.0	345482.0	369077.0	333009.0	347592.0	349547.0	347752.0	363372.0	358556.0	393936.0	469567.0	1877157.0	89441799.0
SRR2443185	1628.0	69990.0	323052.0	723030.0	656888.0	652475.0	652546.0	663279.0	664684.0	648188.0	646355.0	614640.0	606847.0	602754.0	586076.0	575327.0	601942.0	483990.0	478565.0	499826.0	432166.0	400090.0	395166.0	377753.0	350757.0	376642.0	345951.0	363679.0	378922.0	362563.0	371380.0	378317.0	419807.0	504279.0	1946707.0	90414954.0
SRR2443186	2287.0	96557.0	417078.0	966713.0	872312.0	826074.0	812053.0	763886.0	762527.0	766187.0	763996.0	727263.0	703282.0	691393.0	668202.0	649739.0	640662.0	632672.0	633697.0	603787.0	599145.0	584220.0	524948.0	483620.0	449749.0	432006.0	435467.0	431789.0	435998.0	436566.0	439768.0	436124.0	451880.0	528647.0	1567652.0	74272272.0
SRR2443187	2030.0	84075.0	372006.0	882669.0	777360.0	737383.0	724224.0	713519.0	689375.0	693964.0	918200.0	724708.0	739666.0	712903.0	675224.0	656031.0	647625.0	592488.0	530946.0	511214.0	457659.0	438009.0	428038.0	411548.0	387618.0	400122.0	385172.0	386333.0	390423.0	388328.0	405226.0	401288.0	423372.0	506859.0	1919287.0	70149885.0
SRR2443188	1819.0	73607.0	336908.0	746144.0	691584.0	669558.0	651898.0	659301.0	652876.0	650024.0	689165.0	684582.0	661982.0	599650.0	543560.0	511263.0	503490.0	496001.0	504306.0	493155.0	465951.0	441385.0	433699.0	420452.0	396060.0	383918.0	397863.0	388443.0	387424.0	384650.0	375602.0	395798.0	399535.0	479881.0	1741572.0	92688638.0
SRR2443189	1626.0	64167.0	286108.0	655365.0	591757.0	586017.0	558999.0	582582.0	569742.0	565870.0	585521.0	583268.0	585964.0	574579.0	576802.0	593326.0	574010.0	558891.0	580121.0	1006879.0	778383.0	610433.0	582955.0	508791.0	443650.0	399112.0	433918.0	648736.0	368617.0	514125.0	585826.0	416586.0	454112.0	628177.0	1765797.0	76793545.0
SRR2443190	1509.0	125728.0	300896.0	659487.0	609984.0	540548.0	526617.0	750842.0	576313.0	575278.0	688171.0	629227.0	590325.0	550705.0	648103.0	494872.0	565157.0	617477.0	499570.0	480715.0	461182.0	414277.0	427028.0	404900.0	641900.0	447000.0	347354.0	317649.0	330045.0	364544.0	338288.0	298165.0	323067.0	389747.0	1609431.0	78530030.0
SRR2443191	2006.0	73299.0	361162.0	802202.0	761941.0	730869.0	696891.0	702314.0	677869.0	675220.0	744272.0	710788.0	682684.0	707508.0	673484.0	612545.0	617032.0	937229.0	491616.0	539386.0	489582.0	413682.0	428220.0	385613.0	427193.0	398911.0	396833.0	403642.0	477255.0	485063.0	488909.0	507364.0	536047.0	590727.0	2022336.0	87459707.0
SRR2443192	1831.0	72862.0	321988.0	767554.0	684181.0	659081.0	651361.0	616916.0	601589.0	612329.0	641499.0	636156.0	622371.0	659578.0	627199.0	629649.0	672601.0	612479.0	634969.0	1085854.0	883354.0	649212.0	643368.0	512574.0	460314.0	431994.0	416059.0	702578.0	396011.0	692407.0	611122.0	484914.0	538077.0	619659.0	1994612.0	83883286.0
SRR2443193	1896.0	74481.0	327086.0	761482.0	676348.0	655780.0	645128.0	623474.0	608728.0	613508.0	643755.0	633537.0	626966.0	637083.0	622514.0	627310.0	648947.0	608141.0	634357.0	1085458.0	888942.0	655460.0	640366.0	512494.0	461352.0	427552.0	417715.0	699355.0	400000.0	709390.0	605699.0	492267.0	530177.0	618413.0	1999706.0	87612836.0
SRR2443194	2313.0	91805.0	421611.0	962776.0	867833.0	828222.0	828337.0	756645.0	747931.0	740245.0	763289.0	748847.0	719024.0	720857.0	696384.0	668742.0	704471.0	657244.0	645522.0	643189.0	705045.0	511426.0	524628.0	476701.0	453123.0	474997.0	460885.0	477181.0	467494.0	440680.0	427124.0	402607.0	412972.0	475656.0	1666517.0	74555529.0
SRR2443195	2310.0	93356.0	419577.0	997981.0	880556.0	833509.0	819585.0	793417.0	763347.0	768997.0	1018666.0	814971.0	816040.0	805852.0	755668.0	729166.0	731133.0	660986.0	593180.0	573225.0	518315.0	483026.0	479609.0	456427.0	428043.0	443864.0	420449.0	427757.0	431603.0	425367.0	451426.0	446046.0	484279.0	563161.0	2115893.0	74725804.0
SRR2443196	2171.0	90710.0	424111.0	992907.0	899418.0	855688.0	841896.0	806387.0	791680.0	780679.0	834839.0	782945.0	673876.0	690845.0	634036.0	588834.0	537390.0	470543.0	452857.0	441775.0	435837.0	425082.0	421628.0	442125.0	417504.0	436006.0	431110.0	452502.0	459904.0	440437.0	468668.0	460551.0	525088.0	632940.0	2610707.0	64504931.0
SRR2443197	2126.0	81612.0	384337.0	940726.0	874029.0	862947.0	826296.0	794945.0	803032.0	845854.0	826314.0	814668.0	807645.0	823443.0	722409.0	670785.0	634411.0	483709.0	556144.0	453842.0	469168.0	448939.0	450530.0	446459.0	425402.0	440206.0	481118.0	459692.0	495786.0	468607.0	531670.0	485839.0	567404.0	715072.0	2770105.0	78458736.0
SRR2443198	1877.0	80255.0	363327.0	895031.0	788942.0	768029.0	762106.0	735321.0	712946.0	704041.0	751930.0	719885.0	674445.0	634602.0	592500.0	552997.0	512833.0	425930.0	422142.0	385462.0	397489.0	385362.0	391103.0	383459.0	379183.0	384169.0	384196.0	405271.0	409741.0	413225.0	416077.0	422821.0	489204.0	581132.0	2380465.0	62440322.0
SRR2443199	1703.0	65540.0	276881.0	690471.0	587675.0	585827.0	600594.0	591838.0	619107.0	578475.0	591256.0	557571.0	529184.0	565426.0	561726.0	510658.0	555388.0	411012.0	420319.0	407698.0	418357.0	394201.0	405482.0	395704.0	379389.0	389647.0	346244.0	350395.0	348584.0	341996.0	366032.0	343531.0	399313.0	438565.0	1724748.0	85832022.0
SRR2443200	1497.0	60640.0	277674.0	660157.0	608797.0	590505.0	589391.0	566474.0	585551.0	560272.0	607601.0	608917.0	541415.0	520395.0	472984.0	441986.0	451378.0	416219.0	423582.0	435992.0	428044.0	407882.0	393948.0	423698.0	352097.0	359727.0	346937.0	355483.0	352796.0	348466.0	353394.0	366553.0	419954.0	457770.0	1732794.0	78222954.0
SRR2443201	1175.0	54000.0	236817.0	513243.0	484159.0	474028.0	478949.0	464451.0	477434.0	431775.0	484121.0	467288.0	407592.0	419829.0	386036.0	323320.0	315709.0	291953.0	268964.0	279783.0	276082.0	270165.0	282079.0	277879.0	287616.0	293311.0	296143.0	310061.0	312146.0	341678.0	341990.0	329957.0	389120.0	504741.0	2771561.0	79780512.0
SRR2443202	2144.0	89989.0	393497.0	867549.0	820741.0	794346.0	757908.0	728194.0	736664.0	770683.0	749150.0	734885.0	722341.0	724735.0	640436.0	595093.0	546607.0	457346.0	506252.0	420559.0	434900.0	399071.0	412775.0	408812.0	380281.0	394968.0	438388.0	407517.0	431232.0	409443.0	465505.0	419045.0	470776.0	620750.0	2511885.0	82223459.0
SRR2443203	1446.0	58594.0	273795.0	615820.0	541374.0	534568.0	539066.0	542248.0	563571.0	551256.0	550451.0	542833.0	523395.0	528558.0	534481.0	520255.0	483154.0	421622.0	395890.0	358625.0	354358.0	334903.0	330071.0	323238.0	310389.0	320566.0	311134.0	320523.0	325206.0	317515.0	331088.0	338534.0	364478.0	433231.0	1535549.0	87062388.0
SRR2443204	1673.0	93934.0	307351.0	720224.0	655534.0	590031.0	595625.0	700440.0	593070.0	606137.0	619717.0	582795.0	564605.0	574626.0	652605.0	640514.0	588046.0	695851.0	542017.0	512188.0	478188.0	463466.0	471013.0	418847.0	460443.0	354877.0	358092.0	338679.0	337224.0	347498.0	440870.0	365539.0	375984.0	462703.0	1793524.0	84048985.0
SRR2443205	1880.0	72238.0	310062.0	755561.0	688504.0	657654.0	680122.0	639971.0	646888.0	637486.0	632942.0	609711.0	594395.0	592758.0	539868.0	528278.0	559514.0	506127.0	541822.0	522525.0	564807.0	549648.0	547465.0	526348.0	441445.0	430012.0	651711.0	441016.0	439539.0	414816.0	404235.0	402682.0	450400.0	631572.0	2624859.0	81944814.0
SRR2443206	2291.0	96446.0	434681.0	1002559.0	919493.0	910104.0	915284.0	891039.0	861717.0	811327.0	774764.0	725577.0	701974.0	610770.0	584303.0	550180.0	529410.0	508554.0	490828.0	503293.0	494158.0	488262.0	489735.0	493606.0	505034.0	504119.0	507572.0	511058.0	519528.0	586874.0	556717.0	532291.0	566532.0	758590.0	4012781.0	89105315.0
SRR2443207	1901.0	73513.0	342715.0	770603.0	722426.0	895927.0	658793.0	691284.0	676988.0	641350.0	716923.0	672297.0	672544.0	691871.0	873072.0	610419.0	737794.0	511609.0	503532.0	505032.0	407256.0	397909.0	434426.0	518892.0	393759.0	407860.0	391166.0	389279.0	397840.0	408187.0	592181.0	520801.0	513443.0	612881.0	2395161.0	83505803.0
SRR2443208	1898.0	68476.0	334028.0	736638.0	706888.0	678993.0	648908.0	664382.0	645505.0	641423.0	700291.0	664188.0	648897.0	659250.0	637056.0	575880.0	572414.0	870637.0	463123.0	500499.0	451775.0	394391.0	403921.0	369811.0	405637.0	380524.0	382583.0	385108.0	467431.0	466016.0	465537.0	489172.0	497911.0	570349.0	1904369.0	78395374.0
SRR2443209	1909.0	77948.0	341020.0	790067.0	705855.0	693210.0	711024.0	684417.0	721028.0	718979.0	720721.0	704940.0	669288.0	679359.0	643917.0	576821.0	574077.0	494872.0	440101.0	419862.0	400530.0	395049.0	390781.0	374100.0	358495.0	371076.0	352387.0	364051.0	365955.0	368230.0	379085.0	382404.0	408172.0	492734.0	1785663.0	93395323.0
SRR2443210	2595.0	119401.0	544380.0	1400591.0	1125179.0	1000667.0	1135361.0	803426.0	837646.0	822411.0	732844.0	696739.0	684142.0	701372.0	671965.0	551325.0	562271.0	485910.0	460628.0	465808.0	451896.0	540707.0	487937.0	441333.0	424703.0	421741.0	417827.0	498397.0	527431.0	456172.0	455618.0	447613.0	449956.0	542033.0	1932397.0	93322206.0
SRR2443211	2049.0	82824.0	354507.0	816929.0	724808.0	701826.0	694214.0	650149.0	647678.0	633651.0	663982.0	652330.0	626764.0	619721.0	581060.0	565756.0	570056.0	547577.0	482881.0	486054.0	456042.0	388438.0	377765.0	359862.0	334937.0	342522.0	350471.0	350162.0	349889.0	342958.0	353755.0	355309.0	390198.0	498993.0	2169439.0	76624228.0
SRR2443212	1879.0	131336.0	337670.0	815695.0	734472.0	647069.0	637524.0	723793.0	641269.0	623600.0	664784.0	620421.0	590381.0	601306.0	928542.0	548242.0	657196.0	668453.0	802045.0	512849.0	492917.0	461122.0	398044.0	405770.0	370542.0	353115.0	314076.0	436981.0	447778.0	360735.0	447785.0	345383.0	363217.0	461608.0	2326011.0	86426101.0
SRR2443213	2684.0	103621.0	459609.0	1035516.0	937575.0	907793.0	871008.0	758939.0	782941.0	736311.0	740928.0	698481.0	667512.0	655287.0	633235.0	561440.0	535049.0	511034.0	498013.0	472718.0	471265.0	470356.0	469633.0	474652.0	478412.0	478700.0	475885.0	485767.0	493835.0	522751.0	536256.0	547853.0	568207.0	811529.0	4495313.0	65724174.0
SRR2443214	2969.0	122554.0	608268.0	1272440.0	1137114.0	1128890.0	1042344.0	1001214.0	984815.0	952245.0	974518.0	985979.0	911610.0	865275.0	809866.0	764479.0	715809.0	640757.0	588933.0	613735.0	580908.0	552820.0	593065.0	544271.0	616306.0	567315.0	545212.0	593102.0	532421.0	518613.0	530152.0	534179.0	566953.0	701447.0	2775308.0	83058525.0
SRR2443215	2346.0	104277.0	470453.0	1182257.0	955133.0	849946.0	985663.0	682778.0	719279.0	708834.0	629124.0	599535.0	587309.0	611811.0	582517.0	474924.0	488004.0	425238.0	396216.0	403398.0	400673.0	473548.0	427697.0	385606.0	364752.0	362946.0	360154.0	439624.0	459985.0	392278.0	395155.0	388527.0	393615.0	474159.0	1704105.0	84502148.0
SRR2443216	2169.0	90333.0	403615.0	945693.0	840699.0	828696.0	794305.0	755336.0	738411.0	736381.0	747753.0	738222.0	713302.0	717446.0	694414.0	674082.0	688731.0	646570.0	648536.0	634959.0	639190.0	611170.0	542978.0	498835.0	464657.0	456855.0	467311.0	477946.0	482512.0	466894.0	482969.0	481559.0	483557.0	549316.0	1688854.0	78180155.0
SRR2443217	2001.0	80963.0	357885.0	851574.0	751163.0	734180.0	705778.0	668323.0	651099.0	647371.0	660034.0	653480.0	622586.0	636949.0	609822.0	592440.0	614126.0	566436.0	568703.0	558963.0	567546.0	532957.0	476551.0	434427.0	406056.0	400463.0	406236.0	417316.0	414472.0	404709.0	418028.0	419674.0	428389.0	473004.0	1481257.0	67577663.0
SRR2443218	1791.0	77200.0	380976.0	850040.0	775404.0	746220.0	862329.0	702633.0	722383.0	721903.0	752281.0	743586.0	712395.0	708547.0	692057.0	675912.0	694947.0	577778.0	581557.0	534186.0	504656.0	458368.0	444195.0	429127.0	416635.0	441353.0	449852.0	446781.0	456206.0	451388.0	497062.0	761359.0	708391.0	800081.0	3034336.0	84443500.0
SRR2443219	1841.0	72269.0	310999.0	783401.0	697684.0	678734.0	715638.0	651365.0	654258.0	650672.0	647190.0	623963.0	605393.0	624135.0	552164.0	538844.0	588265.0	505916.0	551030.0	528956.0	594399.0	566072.0	567603.0	535911.0	447756.0	439560.0	673637.0	450142.0	446530.0	418914.0	412868.0	414588.0	482603.0	656116.0	2720839.0	82936823.0
SRR2443220	1405.0	60297.0	269876.0	627272.0	610525.0	567076.0	582185.0	557196.0	540756.0	542112.0	593922.0	579909.0	554628.0	548521.0	478054.0	453233.0	488282.0	411647.0	427603.0	436217.0	429173.0	417968.0	448273.0	392373.0	371801.0	414718.0	362308.0	386814.0	381863.0	366329.0	362957.0	391360.0	447496.0	471420.0	1725022.0	76877514.0
SRR2443221	2063.0	79255.0	361575.0	815328.0	759057.0	928946.0	704837.0	704746.0	689825.0	655953.0	735292.0	699990.0	691482.0	734548.0	885275.0	629414.0	788358.0	520759.0	517260.0	517689.0	435588.0	413615.0	457060.0	532300.0	402948.0	420930.0	399569.0	404965.0	405049.0	413282.0	607209.0	536126.0	546384.0	643652.0	2497932.0	81260354.0
SRR2443222	2263.0	96826.0	407080.0	982287.0	816870.0	782221.0	826256.0	759102.0	774097.0	733331.0	821369.0	758104.0	710134.0	676413.0	601980.0	543373.0	541326.0	491964.0	474941.0	454982.0	465449.0	444599.0	472931.0	456359.0	436329.0	452672.0	450395.0	455137.0	454173.0	435939.0	475192.0	451855.0	510411.0	639131.0	2737167.0	81133535.0
SRR2443223	2003.0	80220.0	364974.0	834611.0	746412.0	727456.0	746383.0	763911.0	780639.0	724292.0	722838.0	694765.0	650455.0	671575.0	662453.0	649873.0	605375.0	536167.0	531832.0	497748.0	525011.0	462750.0	437267.0	424329.0	407634.0	405642.0	394339.0	413067.0	411738.0	406245.0	421139.0	418491.0	476996.0	542801.0	2104999.0	97766952.0
SRR2443224	1599.0	61788.0	278870.0	651030.0	602314.0	613559.0	592596.0	574716.0	583135.0	556189.0	588316.0	582816.0	561644.0	596286.0	993301.0	592624.0	631663.0	564115.0	504816.0	489367.0	427158.0	369104.0	354589.0	329941.0	318694.0	322726.0	316986.0	325358.0	331326.0	345684.0	372826.0	545011.0	458289.0	547838.0	2060370.0	77803485.0
SRR2443225	2250.0	93576.0	392971.0	861541.0	802818.0	744089.0	741447.0	679954.0	677808.0	671872.0	694384.0	673328.0	646844.0	605643.0	568318.0	546060.0	529931.0	512226.0	428401.0	463705.0	438417.0	390391.0	411463.0	393926.0	381722.0	379259.0	376364.0	389985.0	375527.0	373308.0	393856.0	389287.0	429797.0	588681.0	2462905.0	82122614.0
SRR2443226	1911.0	74724.0	337782.0	809255.0	716484.0	697982.0	684737.0	656955.0	654850.0	645342.0	674451.0	660881.0	642538.0	630440.0	597363.0	582100.0	582897.0	556489.0	503648.0	495871.0	453840.0	396366.0	378275.0	364674.0	345549.0	351734.0	362135.0	360117.0	368363.0	361891.0	370868.0	373984.0	401047.0	518544.0	2202591.0	72722934.0
SRR2443227	1690.0	102886.0	333094.0	742371.0	640855.0	622118.0	627679.0	656412.0	671402.0	658797.0	661748.0	641692.0	589406.0	614346.0	586983.0	567696.0	626736.0	557944.0	534426.0	486819.0	494967.0	445583.0	469156.0	402909.0	377907.0	367752.0	375310.0	352230.0	386253.0	377269.0	393119.0	402192.0	409702.0	470490.0	1725421.0	94790123.0
SRR2443228	2647.0	115637.0	519851.0	1212465.0	1088142.0	1023446.0	1016005.0	941044.0	953423.0	949824.0	1007888.0	959485.0	947036.0	935347.0	843865.0	772524.0	726267.0	652540.0	580051.0	585210.0	570622.0	525008.0	558972.0	541083.0	531175.0	547085.0	518504.0	575559.0	538834.0	547296.0	557763.0	538562.0	602450.0	732603.0	2621551.0	83582931.0
SRR2443229	1983.0	80759.0	360122.0	843563.0	769633.0	735974.0	709726.0	776369.0	677654.0	732313.0	713152.0	701460.0	679176.0	675637.0	642006.0	572567.0	560904.0	462584.0	630031.0	451505.0	444323.0	424106.0	425590.0	408035.0	388463.0	413477.0	391975.0	484147.0	407506.0	412114.0	405665.0	413699.0	443437.0	568126.0	2438787.0	78237706.0
SRR2443230	2192.0	89410.0	403523.0	898749.0	812863.0	774592.0	769864.0	734488.0	722758.0	708610.0	728327.0	704062.0	693806.0	661924.0	659008.0	637409.0	634043.0	625177.0	615796.0	599529.0	647161.0	486350.0	493707.0	459212.0	435082.0	447519.0	454272.0	457589.0	453908.0	432856.0	395880.0	385605.0	372303.0	454194.0	1581849.0	73604280.0
SRR2443231	2114.0	83262.0	365649.0	850603.0	756885.0	741632.0	718640.0	691337.0	693568.0	662033.0	695992.0	679484.0	667709.0	664086.0	650284.0	622446.0	550854.0	544686.0	502136.0	480419.0	405836.0	380533.0	364357.0	352258.0	341763.0	344745.0	349839.0	356606.0	405610.0	353383.0	369698.0	367142.0	389060.0	498179.0	2216378.0	73161687.0
SRR2443232	1620.0	68635.0	290591.0	664070.0	596638.0	583154.0	584237.0	610338.0	654375.0	628906.0	624923.0	608008.0	586105.0	580854.0	572371.0	501060.0	443102.0	397848.0	367288.0	356259.0	339512.0	342414.0	337570.0	333485.0	334806.0	336286.0	335628.0	337769.0	342410.0	344745.0	356177.0	369219.0	398684.0	469816.0	1813531.0	91404152.0
SRR2443233	1650.0	65350.0	294584.0	676823.0	630866.0	616010.0	611183.0	598934.0	620772.0	600301.0	646301.0	635653.0	575593.0	534221.0	495769.0	467258.0	457606.0	446645.0	451289.0	462335.0	444681.0	435419.0	415631.0	453500.0	382233.0	383760.0	378597.0	382944.0	380801.0	376887.0	380256.0	390495.0	425036.0	488271.0	1835543.0	87067309.0
SRR2443234	2112.0	82111.0	352837.0	851992.0	726576.0	712276.0	717624.0	684327.0	696446.0	690940.0	715265.0	695455.0	695697.0	699342.0	637843.0	639838.0	596352.0	576443.0	568938.0	537746.0	560687.0	550677.0	561942.0	581976.0	509123.0	518858.0	947318.0	454869.0	499707.0	439026.0	414015.0	414991.0	475155.0	887643.0	2596573.0	87651130.0
SRR2443235	2190.0	90075.0	389699.0	926851.0	850411.0	823039.0	784588.0	769629.0	760169.0	761995.0	860759.0	824964.0	793361.0	840105.0	695697.0	623491.0	537134.0	476188.0	615742.0	513340.0	468750.0	479568.0	466208.0	453919.0	431335.0	437465.0	458668.0	467593.0	450531.0	447507.0	459726.0	466262.0	611116.0	617985.0	2574180.0	78765421.0
SRR2443236	1990.0	80540.0	357033.0	821495.0	738551.0	710518.0	704789.0	673030.0	678338.0	664447.0	709890.0	669604.0	669762.0	670599.0	684145.0	559648.0	540687.0	448919.0	411464.0	406527.0	395239.0	368181.0	387920.0	373891.0	372509.0	376729.0	379859.0	392804.0	385488.0	396231.0	530765.0	397780.0	434021.0	537401.0	2248392.0	74236883.0
SRR2443237	2437.0	107457.0	458897.0	1140381.0	946486.0	912930.0	957639.0	896491.0	910610.0	866341.0	972876.0	893838.0	840205.0	787264.0	710828.0	640371.0	621534.0	573652.0	562177.0	533410.0	526425.0	521862.0	542588.0	532563.0	517120.0	534290.0	532158.0	531395.0	539902.0	522776.0	564093.0	532673.0	593217.0	750598.0	3228127.0	95570619.0
SRR2443238	2007.0	80172.0	358644.0	830852.0	775449.0	788541.0	761548.0	749957.0	757196.0	725421.0	764412.0	760465.0	732278.0	774704.0	1257101.0	775204.0	807079.0	732974.0	661869.0	633677.0	556787.0	484765.0	466168.0	434348.0	421392.0	424887.0	419983.0	432315.0	441370.0	456561.0	494787.0	712063.0	600448.0	724604.0	2688490.0	94943904.0
SRR2443239	2543.0	101257.0	467517.0	1074542.0	988848.0	989242.0	838493.0	795493.0	799916.0	760052.0	796422.0	761944.0	718080.0	686722.0	757661.0	593442.0	609595.0	544570.0	510467.0	509530.0	515649.0	501123.0	507933.0	501037.0	501185.0	514452.0	508075.0	553244.0	543405.0	559827.0	592731.0	580620.0	666819.0	895076.0	4351151.0	68614176.0
SRR2443240	2279.0	104020.0	476249.0	1213396.0	979249.0	865019.0	984942.0	705192.0	733809.0	720111.0	643619.0	610175.0	602476.0	610558.0	590104.0	484153.0	482750.0	428633.0	402325.0	405899.0	393245.0	466847.0	431758.0	385763.0	376566.0	368238.0	367850.0	434656.0	460634.0	403344.0	401215.0	391574.0	388194.0	470655.0	1691611.0	84236520.0
SRR2443241	2463.0	95690.0	439839.0	1011293.0	962090.0	883948.0	803268.0	786800.0	759674.0	723784.0	776044.0	751957.0	658109.0	667503.0	757233.0	610840.0	629502.0	552867.0	529454.0	515530.0	508574.0	491763.0	502917.0	502560.0	614861.0	505000.0	514942.0	523011.0	516144.0	550363.0	591230.0	574612.0	640556.0	841188.0	4276671.0	71761361.0
SRR2443242	1879.0	73891.0	327844.0	773126.0	690962.0	664377.0	645261.0	615555.0	613320.0	610447.0	646333.0	625232.0	625640.0	645917.0	621349.0	616623.0	646230.0	613673.0	618943.0	922365.0	746599.0	584832.0	532781.0	467286.0	431386.0	397103.0	429485.0	565345.0	564718.0	7411075.0	398445.0	450661.0	422262.0	517037.0	1827782.0	75748234.0
SRR2443243	2201.0	111612.0	525411.0	1290865.0	1046525.0	929765.0	839731.0	753306.0	707454.0	689451.0	682815.0	637270.0	600296.0	590619.0	551815.0	483407.0	494981.0	433836.0	415567.0	412775.0	451471.0	395549.0	408225.0	385514.0	378314.0	369367.0	372209.0	377784.0	384416.0	395480.0	398756.0	386301.0	404737.0	482621.0	1757521.0	85043237.0
SRR2443244	2585.0	117824.0	540640.0	1399844.0	1117229.0	995353.0	1127674.0	785944.0	818518.0	808747.0	720556.0	686147.0	665605.0	698121.0	665595.0	540478.0	559062.0	476028.0	450946.0	458456.0	449139.0	526790.0	473673.0	424486.0	409126.0	408814.0	398892.0	482507.0	511590.0	434647.0	439576.0	430333.0	441869.0	521602.0	1890996.0	93188763.0
SRR2443245	2125.0	82001.0	383125.0	874552.0	819274.0	996960.0	748910.0	768060.0	751366.0	716163.0	802548.0	765806.0	754438.0	789463.0	956969.0	687223.0	831418.0	569711.0	564353.0	567619.0	464008.0	448840.0	489589.0	569357.0	442718.0	458342.0	440929.0	444954.0	448983.0	458458.0	665014.0	586713.0	599263.0	702395.0	2719691.0	87689545.0
SRR2443246	1678.0	63566.0	301060.0	688389.0	625056.0	599106.0	584462.0	570671.0	581045.0	557822.0	587486.0	594544.0	606721.0	614730.0	535361.0	492055.0	500360.0	462687.0	482739.0	477121.0	423129.0	380007.0	354306.0	342297.0	328251.0	343756.0	336854.0	357309.0	346068.0	354849.0	366327.0	483388.0	469151.0	584139.0	2298758.0	66620154.0
SRR2443247	1747.0	67455.0	292282.0	672517.0	601076.0	588893.0	582229.0	572137.0	573658.0	594967.0	608017.0	575161.0	539656.0	510300.0	483537.0	466333.0	499715.0	445636.0	451458.0	458646.0	495748.0	483761.0	489437.0	437062.0	421997.0	376085.0	505274.0	378134.0	381511.0	363886.0	362198.0	367259.0	418269.0	600531.0	2391690.0	80320093.0
SRR2443248	1838.0	123811.0	342087.0	859867.0	756443.0	688390.0	681906.0	714335.0	646531.0	641497.0	688042.0	653163.0	621994.0	652992.0	966730.0	591244.0	728555.0	690669.0	835907.0	553606.0	549442.0	513234.0	445688.0	446277.0	397298.0	384269.0	341032.0	472988.0	488490.0	388907.0	484238.0	387818.0	426283.0	528811.0	2497219.0	81120584.0
SRR2443249	2191.0	91211.0	480411.0	1092434.0	951310.0	917512.0	893889.0	854565.0	832893.0	843151.0	883346.0	891694.0	822469.0	914711.0	797841.0	694026.0	706863.0	600505.0	552767.0	583821.0	547370.0	537491.0	666279.0	611984.0	563453.0	610681.0	515580.0	555316.0	543781.0	530173.0	564567.0	743862.0	653613.0	676103.0	1889650.0	78259869.0
SRR2443250	1629.0	62831.0	286279.0	688278.0	599144.0	596814.0	602680.0	563274.0	600123.0	594212.0	597233.0	595790.0	556464.0	606993.0	571097.0	483457.0	484806.0	373211.0	356938.0	342674.0	350516.0	334133.0	331278.0	319473.0	308246.0	323652.0	310628.0	317576.0	328366.0	309380.0	328889.0	336734.0	390034.0	443207.0	1734147.0	72954441.0
SRR2443251	2203.0	90720.0	417169.0	966997.0	869748.0	841490.0	842657.0	762093.0	745528.0	741201.0	762402.0	749167.0	721271.0	729139.0	692109.0	670269.0	716550.0	641595.0	648524.0	640910.0	698725.0	519896.0	520070.0	479735.0	454165.0	477075.0	465205.0	487618.0	474981.0	444741.0	418121.0	411519.0	430495.0	493270.0	1684569.0	69918360.0
SRR2443252	1760.0	75666.0	346862.0	827375.0	763575.0	729114.0	730416.0	716063.0	702621.0	675532.0	646083.0	645015.0	570892.0	573779.0	538127.0	510675.0	480559.0	416837.0	407880.0	396306.0	399690.0	396487.0	391412.0	389919.0	376714.0	394943.0	389195.0	421864.0	411775.0	403383.0	437227.0	436050.0	493898.0	606304.0	2701082.0	60310946.0
SRR2443253	5457.0	248255.0	1170544.0	2702234.0	2461229.0	2399701.0	2228564.0	2087614.0	2010326.0	2114839.0	2228034.0	2070366.0	1968389.0	2037668.0	1608401.0	1513680.0	1614849.0	1340924.0	1465265.0	1347039.0	1330593.0	1258488.0	1300033.0	1282490.0	1241650.0	1320218.0	1105969.0	1107275.0	1079051.0	1008960.0	1031233.0	1028032.0	1171017.0	1329912.0	4299677.0	108976408.0
SRR2443254	1307.0	55168.0	244218.0	579454.0	550043.0	528472.0	555817.0	514103.0	477854.0	483803.0	476440.0	431708.0	384592.0	381161.0	338109.0	318682.0	338121.0	302269.0	308574.0	319830.0	320324.0	312538.0	321292.0	316251.0	330005.0	335688.0	328020.0	351466.0	354026.0	360661.0	373940.0	373024.0	444086.0	586846.0	3414403.0	70856778.0
SRR2443255	2093.0	88405.0	401352.0	978264.0	857017.0	822818.0	813723.0	767852.0	734909.0	741246.0	985925.0	790279.0	784651.0	792514.0	733190.0	704004.0	738627.0	623655.0	571366.0	552216.0	510898.0	473033.0	466917.0	439808.0	411343.0	431144.0	403121.0	423143.0	419399.0	408838.0	441760.0	438870.0	497627.0	567177.0	2116362.0	69927547.0
SRR2443256	2021.0	74061.0	367194.0	840061.0	793811.0	764889.0	738592.0	723252.0	700546.0	699038.0	770617.0	736503.0	705985.0	749603.0	702229.0	627755.0	660229.0	948220.0	502688.0	544750.0	504051.0	430185.0	441550.0	396293.0	437401.0	415258.0	402428.0	426583.0	501174.0	499769.0	512765.0	541733.0	589300.0	647953.0	2177933.0	84444581.0
SRR2443257	2110.0	85711.0	393062.0	970733.0	846577.0	844306.0	831071.0	753644.0	746407.0	714466.0	758962.0	756386.0	727759.0	770549.0	719691.0	679725.0	664391.0	574752.0	555856.0	529026.0	466464.0	428848.0	407932.0	386935.0	367792.0	381173.0	373125.0	401688.0	451746.0	380703.0	414948.0	421387.0	491608.0	584158.0	2438586.0	68469822.0
SRR2443258	3018.0	123931.0	618052.0	1315770.0	1172817.0	1171785.0	1085114.0	1040041.0	1025159.0	991654.0	1014122.0	1029893.0	951628.0	912321.0	839346.0	793550.0	756230.0	658933.0	612890.0	635767.0	608399.0	592976.0	619757.0	570598.0	644123.0	591203.0	566125.0	623001.0	564483.0	547183.0	561982.0	569393.0	616280.0	755479.0	2911942.0	81503098.0
SRR2443259	1998.0	86187.0	366161.0	872700.0	767836.0	752500.0	746777.0	701379.0	707259.0	698689.0	685117.0	661183.0	643458.0	698006.0	584226.0	584439.0	597162.0	491333.0	490522.0	590375.0	493989.0	463301.0	446620.0	428720.0	405438.0	418678.0	401164.0	423449.0	485682.0	422305.0	443146.0	443124.0	491307.0	622736.0	2609538.0	77795341.0
SRR2443260	2119.0	92870.0	423288.0	1000343.0	890870.0	953732.0	838357.0	825697.0	784659.0	790600.0	936273.0	819813.0	755166.0	684711.0	636051.0	554210.0	567949.0	486609.0	486648.0	479502.0	476282.0	471171.0	479794.0	475260.0	479625.0	478831.0	470750.0	504303.0	515154.0	499271.0	520056.0	502472.0	587773.0	695896.0	2652537.0	78991928.0
SRR2443261	2547.0	122572.0	577725.0	1549798.0	1200531.0	1101915.0	987254.0	871190.0	808510.0	809608.0	791628.0	808921.0	750176.0	727905.0	686440.0	673646.0	630359.0	500075.0	490553.0	502149.0	456217.0	464068.0	531948.0	434250.0	443243.0	467233.0	493804.0	455775.0	460050.0	480419.0	457049.0	477747.0	534457.0	608755.0	2212045.0	89242643.0
SRR2443262	2400.0	99140.0	453185.0	1047226.0	989388.0	979567.0	928608.0	866346.0	876040.0	922827.0	907913.0	898682.0	882138.0	894077.0	793685.0	720989.0	677532.0	533886.0	609469.0	506214.0	510024.0	487768.0	491631.0	489057.0	461071.0	480663.0	526535.0	512170.0	533700.0	504100.0	585787.0	531933.0	613819.0	783103.0	3177569.0	96998156.0
SRR2443263	1533.0	66681.0	302880.0	706590.0	639937.0	609740.0	620694.0	610217.0	607648.0	608572.0	646200.0	646758.0	547658.0	557586.0	490287.0	463684.0	499303.0	432176.0	431623.0	421684.0	442333.0	399915.0	403493.0	390735.0	373616.0	380117.0	371096.0	392445.0	396532.0	382441.0	390955.0	406969.0	452587.0	507609.0	1900744.0	83932955.0
